1969070119690731     2
1969080119690831     2
1969090119690930     2
1969100119691031     2
1969110119691130     2
1969120119691231     2
1970010119700131     2
1970020119700228     2
1970030119700331     2
1970040119700430     2
1970050119700531     2
1970060119700630     2
1970070119700731     5
1970080119700831     5
1970090119700930     5
1970100119701031     5
1970110119701130     5
1970120119701231     5
1971010119710131     5
1971020119710228     5
1971030119710331     5
1971040119710430     5
1971050119710531     5
1971060119710630     5
1971070119710731     4
1971080119710831     4
1971090119710930     4
1971100119711031     4
1971110119711130     4
1971120119711231     4
1972010119720131     4
1972020119720229     4
1972030119720331     4
1972040119720430     4
1972050119720531     4
1972060119720630     4
1972070119720731     7
1972080119720831     7
1972090119720930     7
1972100119721031     7
1972110119721130     7
1972120119721231     7
1973010119730131     7
1973020119730228     7
1973030119730331     7
1973040119730430     7
1973050119730531     7
1973060119730630     7
1973070119730731     8
1973080119730831     8
1973090119730930     8
1973100119731031     8
1973110119731130     8
1973120119731231     8
1974010119740131     8
1974020119740228     8
1974030119740331     8
1974040119740430     8
1974050119740531     8
1974060119740630     8
1974070119740731     7
1974080119740831     7
1974090119740930     7
1974100119741031     7
1974110119741130     7
1974120119741231     7
1975010119750131     7
1975020119750228     7
1975030119750331     7
1975040119750430     7
1975050119750531     7
1975060119750630     7
1975070119750731     6
1975080119750831     6
1975090119750930     6
1975100119751031     6
1975110119751130     6
1975120119751231     6
1976010119760131     6
1976020119760229     6
1976030119760331     6
1976040119760430     6
1976050119760531     6
1976060119760630     6
1976070119760731     4
1976080119760831     4
1976090119760930     4
1976100119761031     4
1976110119761130     4
1976120119761231     4
1977010119770131     4
1977020119770228     4
1977030119770331     4
1977040119770430     4
1977050119770531     4
1977060119770630     4
1977070119770731     4
1977080119770831     4
1977090119770930     4
1977100119771031     4
1977110119771130     4
1977120119771231     4
1978010119780131     4
1978020119780228     4
1978030119780331     4
1978040119780430     4
1978050119780531     4
1978060119780630     4
1978070119780731     1
1978080119780831     1
1978090119780930     1
1978100119781031     1
1978110119781130     1
1978120119781231     1
1979010119790131     1
1979020119790228     1
1979030119790331     1
1979040119790430     1
1979050119790531     1
1979060119790630     1
1979070119790731     6
1979080119790831     6
1979090119790930     6
1979100119791031     6
1979110119791130     6
1979120119791231     6
1980010119800131     6
1980020119800229     6
1980030119800331     6
1980040119800430     6
1980050119800531     6
1980060119800630     6
1980070119800731     8
1980080119800831     8
1980090119800930     8
1980100119801031     8
1980110119801130     8
1980120119801231     8
1981010119810131     8
1981020119810228     8
1981030119810331     8
1981040119810430     8
1981050119810531     8
1981060119810630     8
1981070119810731     6
1981080119810831     6
1981090119810930     6
1981100119811031     6
1981110119811130     6
1981120119811231     6
1982010119820131     6
1982020119820228     6
1982030119820331     6
1982040119820430     6
1982050119820531     6
1982060119820630     6
1982070119820731     4
1982080119820831     4
1982090119820930     4
1982100119821031     4
1982110119821130     4
1982120119821231     4
1983010119830131     4
1983020119830228     4
1983030119830331     4
1983040119830430     4
1983050119830531     4
1983060119830630     4
1983070119830731     5
1983080119830831     5
1983090119830930     5
1983100119831031     5
1983110119831130     5
1983120119831231     5
1984010119840131     5
1984020119840229     5
1984030119840331     5
1984040119840430     5
1984050119840531     5
1984060119840630     5
1984070119840731     9
1984080119840831     9
1984090119840930     9
1984100119841031     9
1984110119841130     9
1984120119841231     9
1985010119850131     9
1985020119850228     9
1985030119850331     9
1985040119850430     9
1985050119850531     9
1985060119850630     9
1985070119850731     7
1985080119850831     7
1985090119850930     7
1985100119851031     7
1985110119851130     7
1985120119851231     7
1986010119860131     7
1986020119860228     7
1986030119860331     7
1986040119860430     7
1986050119860531     7
1986060119860630     7
1986070119860731     4
1986080119860831     4
1986090119860930     4
1986100119861031     4
1986110119861130     4
1986120119861231     4
1987010119870131     4
1987020119870228     4
1987030119870331     4
1987040119870430     4
1987050119870531     4
1987060119870630     4
1987070119870731     1
1987080119870831     1
1987090119870930     1
1987100119871031     1
1987110119871130     1
1987120119871231     1
1988010119880131     1
1988020119880229     1
1988030119880331     1
1988040119880430     1
1988050119880531     1
1988060119880630     1
1988070119880731     4
1988080119880831     4
1988090119880930     4
1988100119881031     4
1988110119881130     4
1988120119881231     4
1989010119890131     4
1989020119890228     4
1989030119890331     4
1989040119890430     4
1989050119890531     4
1989060119890630     4
1989070119890731     4
1989080119890831     4
1989090119890930     4
1989100119891031     4
1989110119891130     4
1989120119891231     4
1990010119900131     4
1990020119900228     4
1990030119900331     4
1990040119900430     4
1990050119900531     4
1990060119900630     4
1990070119900731     4
1990080119900831     4
1990090119900930     4
1990100119901031     4
1990110119901130     4
1990120119901231     4
1991010119910131     4
1991020119910228     4
1991030119910331     4
1991040119910430     4
1991050119910531     4
1991060119910630     4
1991070119910731     2
1991080119910831     2
1991090119910930     2
1991100119911031     2
1991110119911130     2
1991120119911231     2
1992010119920131     2
1992020119920229     2
1992030119920331     2
1992040119920430     2
1992050119920531     2
1992060119920630     2
1992070119920731     2
1992080119920831     2
1992090119920930     2
1992100119921031     2
1992110119921130     2
1992120119921231     2
1993010119930131     2
1993020119930228     2
1993030119930331     2
1993040119930430     2
1993050119930531     2
1993060119930630     2
1993070119930731     7
1993080119930831     7
1993090119930930     7
1993100119931031     7
1993110119931130     7
1993120119931231     7
1994010119940131     7
1994020119940228     7
1994030119940331     7
1994040119940430     7
1994050119940531     7
1994060119940630     7
1994070119940731     3
1994080119940831     3
1994090119940930     3
1994100119941031     3
1994110119941130     3
1994120119941231     3
1995010119950131     3
1995020119950228     3
1995030119950331     3
1995040119950430     3
1995050119950531     3
1995060119950630     3
1995070119950731     6
1995080119950831     6
1995090119950930     6
1995100119951031     6
1995110119951130     6
1995120119951231     6
1996010119960131     6
1996020119960229     6
1996030119960331     6
1996040119960430     6
1996050119960531     6
1996060119960630     6
1996070119960731     5
1996080119960831     5
1996090119960930     5
1996100119961031     5
1996110119961130     5
1996120119961231     5
1997010119970131     5
1997020119970228     5
1997030119970331     5
1997040119970430     5
1997050119970531     5
1997060119970630     5
1997070119970731     3
1997080119970831     3
1997090119970930     3
1997100119971031     3
1997110119971130     3
1997120119971231     3
1998010119980131     3
1998020119980228     3
1998030119980331     3
1998040119980430     3
1998050119980531     3
1998060119980630     3
1998070119980731     7
1998080119980831     7
1998090119980930     7
1998100119981031     7
1998110119981130     7
1998120119981231     7
1999010119990131     7
1999020119990228     7
1999030119990331     7
1999040119990430     7
1999050119990531     7
1999060119990630     7
1999070119990731     9
1999080119990831     9
1999090119990930     9
1999100119991031     9
1999110119991130     9
1999120119991231     9
2000010120000131     9
2000020120000229     9
2000030120000331     9
2000040120000430     9
2000050120000531     9
2000060120000630     9
2000070120000731     8
2000080120000831     8
2000090120000930     8
2000100120001031     8
2000110120001130     8
2000120120001231     8
2001010120010131     8
2001020120010228     8
2001030120010331     8
2001040120010430     8
2001050120010531     8
2001060120010630     8
2001070120010731     3
2001080120010831     3
2001090120010930     3
2001100120011031     3
2001110120011130     3
2001120120011231     3
2002010120020131     3
2002020120020228     3
2002030120020331     3
2002040120020430     3
2002050120020531     3
2002060120020630     3
2002070120020731     6
2002080120020831     6
2002090120020930     6
2002100120021031     6
2002110120021130     6
2002120120021231     6
2003010120030131     6
2003020120030228     6
2003030120030331     6
2003040120030430     6
2003050120030531     6
2003060120030630     6
2003070120030731     3
2003080120030831     3
2003090120030930     3
2003100120031031     3
2003110120031130     3
2003120120031231     3
2004010120040131     3
2004020120040229     3
2004030120040331     3
2004040120040430     3
2004050120040531     3
2004060120040630     3
2004070120040731     5
2004080120040831     5
2004090120040930     5
2004100120041031     5
2004110120041130     5
2004120120041231     5
2005010120050131     5
2005020120050228     5
2005030120050331     5
2005040120050430     5
2005050120050531     5
2005060120050630     5
2005070120050731     7
2005080120050831     7
2005090120050930     7
2005100120051031     7
2005110120051130     7
2005120120051231     7
2006010120060131     7
2006020120060228     7
2006030120060331     7
2006040120060430     7
2006050120060531     7
2006060120060630     7
2006070120060731     3
2006080120060831     3
2006090120060930     3
2006100120061031     3
2006110120061130     3
2006120120061231     3
2007010120070131     3
2007020120070228     3
2007030120070331     3
2007040120070430     3
2007050120070531     3
2007060120070630     3
2007070120070731     6
2007080120070831     6
2007090120070930     6
2007100120071031     6
2007110120071130     6
2007120120071231     6
2008010120080131     6
2008020120080229     6
2008030120080331     6
2008040120080430     6
2008050120080531     6
2008060120080630     6
2008070120080731     7
2008080120080831     7
2008090120080930     7
2008100120081031     7
2008110120081130     7
2008120120081231     7
2009010120090131     7
2009020120090228     7
2009030120090331     7
2009040120090430     7
2009050120090531     7
2009060120090630     7
2009070120090731     4
2009080120090831     4
2009090120090930     4
2009100120091031     4
2009110120091130     4
2009120120091231     4
2010010120100131     4
2010020120100228     4
2010030120100331     4
2010040120100430     4
2010050120100531     4
2010060120100630     4
2010070120100731     6
2010080120100831     6
2010090120100930     6
2010100120101031     6
2010110120101130     6
2010120120101231     6
2011010120110131     6
2011020120110228     6
2011030120110331     6
2011040120110430     6
2011050120110531     6
2011060120110630     6
2011070120110731     5
2011080120110831     5
2011090120110930     5
2011100120111031     5
2011110120111130     5
2011120120111231     5
2012010120120131     5
2012020120120229     5
2012030120120331     5
2012040120120430     5
2012050120120531     5
2012060120120630     5
2012070120120731     4
2012080120120831     4
2012090120120930     4
2012100120121031     4
2012110120121130     4
2012120120121231     4
2013010120130131     4
2013020120130228     4
2013030120130331     4
2013040120130430     4
2013050120130531     4
2013060120130630     4
2013070120130731     3
2013080120130831     3
2013090120130930     3
2013100120131031     3
2013110120131130     3
2013120120131231     3
2014010120140131     3
2014020120140228     3
2014030120140331     3
2014040120140430     3
2014050120140531     3
2014060120140630     3
2014070120140731     2
2014080120140831     2
2014090120140930     2
2014100120141031     2
2014110120141130     2
2014120120141231     2
2015010120150131     2
2015020120150228     2
2015030120150331     2
2015040120150430     2
2015050120150531     2
2015060120150630     2
2015070120150731     1
2015080120150831     1
2015090120150930     1
2015100120151031     1
2015110120151130     1
2015120120151231     1
2016010120160131     1
2016020120160229     1
2016030120160331     1
2016040120160430     1
2016050120160531     1
2016060120160630     1
2016070120160731     5
2016080120160831     5
2016090120160930     5
2016100120161031     5
2016110120161130     5
2016120120161231     5
2017010120170131     5
2017020120170228     5
2017030120170331     5
2017040120170430     5
2017050120170531     5
2017060120170630     5
2017070120170731     6
2017080120170831     6
2017090120170930     6
2017100120171031     6
2017110120171130     6
2017120120171231     6
2018010120180131     6
2018020120180228     6
2018030120180331     6
2018040120180430     6
2018050120180531     6
2018060120180630     6
2018070120180731     4
2018080120180831     4
2018090120180930     4
2018100120181031     4
2018110120181130     4
2018120120181231     4
2019010120190131     4
2019020120190228     4
2019030120190331     4
2019040120190430     4
2019050120190531     4
2019060120190630     4
2019070120190731     4
2019080120190831     4
2019090120190930     4
2019100120191031     4
2019110120191130     4
2019120120191231     4
2020010120200131     4
2020020120200229     4
2020030120200331     4
2020040120200430     4
2020050120200531     4
2020060120200630     4
2020070120200731     2
2020080120200831     2
2020090120200930     2
2020100120201031     2
2020110120201130     2
2020120120201231     2
2021010120210131     2
2021020120210228     2
2021030120210331     2
2021040120210430     2
2021050120210531     2
2021060120210630     2
