1969070119690731     3
1969080119690831     3
1969090119690930     3
1969100119691031     3
1969110119691130     3
1969120119691231     3
1970010119700131     3
1970020119700228     3
1970030119700331     3
1970040119700430     3
1970050119700531     3
1970060119700630     3
1970070119700731     5
1970080119700831     5
1970090119700930     5
1970100119701031     5
1970110119701130     5
1970120119701231     5
1971010119710131     5
1971020119710228     5
1971030119710331     5
1971040119710430     5
1971050119710531     5
1971060119710630     5
1971070119710731    10
1971080119710831    10
1971090119710930    10
1971100119711031    10
1971110119711130    10
1971120119711231    10
1972010119720131    10
1972020119720229    10
1972030119720331    10
1972040119720430    10
1972050119720531    10
1972060119720630    10
1972070119720731     1
1972080119720831     1
1972090119720930     1
1972100119721031     1
1972110119721130     1
1972120119721231     1
1973010119730131     1
1973020119730228     1
1973030119730331     1
1973040119730430     1
1973050119730531     1
1973060119730630     1
1973070119730731     7
1973080119730831     7
1973090119730930     7
1973100119731031     7
1973110119731130     7
1973120119731231     7
1974010119740131     7
1974020119740228     7
1974030119740331     7
1974040119740430     7
1974050119740531     7
1974060119740630     7
1974070119740731     2
1974080119740831     2
1974090119740930     2
1974100119741031     2
1974110119741130     2
1974120119741231     2
1975010119750131     2
1975020119750228     2
1975030119750331     2
1975040119750430     2
1975050119750531     2
1975060119750630     2
1975070119750731     8
1975080119750831     8
1975090119750930     8
1975100119751031     8
1975110119751130     8
1975120119751231     8
1976010119760131     8
1976020119760229     8
1976030119760331     8
1976040119760430     8
1976050119760531     8
1976060119760630     8
1976070119760731     4
1976080119760831     4
1976090119760930     4
1976100119761031     4
1976110119761130     4
1976120119761231     4
1977010119770131     4
1977020119770228     4
1977030119770331     4
1977040119770430     4
1977050119770531     4
1977060119770630     4
1977070119770731     3
1977080119770831     3
1977090119770930     3
1977100119771031     3
1977110119771130     3
1977120119771231     3
1978010119780131     3
1978020119780228     3
1978030119780331     3
1978040119780430     3
1978050119780531     3
1978060119780630     3
1978070119780731     4
1978080119780831     4
1978090119780930     4
1978100119781031     4
1978110119781130     4
1978120119781231     4
1979010119790131     4
1979020119790228     4
1979030119790331     4
1979040119790430     4
1979050119790531     4
1979060119790630     4
1979070119790731     4
1979080119790831     4
1979090119790930     4
1979100119791031     4
1979110119791130     4
1979120119791231     4
1980010119800131     4
1980020119800229     4
1980030119800331     4
1980040119800430     4
1980050119800531     4
1980060119800630     4
1980070119800731     3
1980080119800831     3
1980090119800930     3
1980100119801031     3
1980110119801130     3
1980120119801231     3
1981010119810131     3
1981020119810228     3
1981030119810331     3
1981040119810430     3
1981050119810531     3
1981060119810630     3
1981070119810731     4
1981080119810831     4
1981090119810930     4
1981100119811031     4
1981110119811130     4
1981120119811231     4
1982010119820131     4
1982020119820228     4
1982030119820331     4
1982040119820430     4
1982050119820531     4
1982060119820630     4
1982070119820731     2
1982080119820831     2
1982090119820930     2
1982100119821031     2
1982110119821130     2
1982120119821231     2
1983010119830131     2
1983020119830228     2
1983030119830331     2
1983040119830430     2
1983050119830531     2
1983060119830630     2
1983070119830731     7
1983080119830831     7
1983090119830930     7
1983100119831031     7
1983110119831130     7
1983120119831231     7
1984010119840131     7
1984020119840229     7
1984030119840331     7
1984040119840430     7
1984050119840531     7
1984060119840630     7
1984070119840731     4
1984080119840831     4
1984090119840930     4
1984100119841031     4
1984110119841130     4
1984120119841231     4
1985010119850131     4
1985020119850228     4
1985030119850331     4
1985040119850430     4
1985050119850531     4
1985060119850630     4
1985070119850731     5
1985080119850831     5
1985090119850930     5
1985100119851031     5
1985110119851130     5
1985120119851231     5
1986010119860131     5
1986020119860228     5
1986030119860331     5
1986040119860430     5
1986050119860531     5
1986060119860630     5
1986070119860731     2
1986080119860831     2
1986090119860930     2
1986100119861031     2
1986110119861130     2
1986120119861231     2
1987010119870131     2
1987020119870228     2
1987030119870331     2
1987040119870430     2
1987050119870531     2
1987060119870630     2
1987070119870731     2
1987080119870831     2
1987090119870930     2
1987100119871031     2
1987110119871130     2
1987120119871231     2
1988010119880131     2
1988020119880229     2
1988030119880331     2
1988040119880430     2
1988050119880531     2
1988060119880630     2
1988070119880731     4
1988080119880831     4
1988090119880930     4
1988100119881031     4
1988110119881130     4
1988120119881231     4
1989010119890131     4
1989020119890228     4
1989030119890331     4
1989040119890430     4
1989050119890531     4
1989060119890630     4
1989070119890731     4
1989080119890831     4
1989090119890930     4
1989100119891031     4
1989110119891130     4
1989120119891231     4
1990010119900131     4
1990020119900228     4
1990030119900331     4
1990040119900430     4
1990050119900531     4
1990060119900630     4
1990070119900731     3
1990080119900831     3
1990090119900930     3
1990100119901031     3
1990110119901130     3
1990120119901231     3
1991010119910131     3
1991020119910228     3
1991030119910331     3
1991040119910430     3
1991050119910531     3
1991060119910630     3
1991070119910731     5
1991080119910831     5
1991090119910930     5
1991100119911031     5
1991110119911130     5
1991120119911231     5
1992010119920131     5
1992020119920229     5
1992030119920331     5
1992040119920430     5
1992050119920531     5
1992060119920630     5
1992070119920731     5
1992080119920831     5
1992090119920930     5
1992100119921031     5
1992110119921130     5
1992120119921231     5
1993010119930131     5
1993020119930228     5
1993030119930331     5
1993040119930430     5
1993050119930531     5
1993060119930630     5
1993070119930731     2
1993080119930831     2
1993090119930930     2
1993100119931031     2
1993110119931130     2
1993120119931231     2
1994010119940131     2
1994020119940228     2
1994030119940331     2
1994040119940430     2
1994050119940531     2
1994060119940630     2
1994070119940731     2
1994080119940831     2
1994090119940930     2
1994100119941031     2
1994110119941130     2
1994120119941231     2
1995010119950131     2
1995020119950228     2
1995030119950331     2
1995040119950430     2
1995050119950531     2
1995060119950630     2
1995070119950731     5
1995080119950831     5
1995090119950930     5
1995100119951031     5
1995110119951130     5
1995120119951231     5
1996010119960131     5
1996020119960229     5
1996030119960331     5
1996040119960430     5
1996050119960531     5
1996060119960630     5
1996070119960731     6
1996080119960831     6
1996090119960930     6
1996100119961031     6
1996110119961130     6
1996120119961231     6
1997010119970131     6
1997020119970228     6
1997030119970331     6
1997040119970430     6
1997050119970531     6
1997060119970630     6
1997070119970731     5
1997080119970831     5
1997090119970930     5
1997100119971031     5
1997110119971130     5
1997120119971231     5
1998010119980131     5
1998020119980228     5
1998030119980331     5
1998040119980430     5
1998050119980531     5
1998060119980630     5
1998070119980731     5
1998080119980831     5
1998090119980930     5
1998100119981031     5
1998110119981130     5
1998120119981231     5
1999010119990131     5
1999020119990228     5
1999030119990331     5
1999040119990430     5
1999050119990531     5
1999060119990630     5
1999070119990731     3
1999080119990831     3
1999090119990930     3
1999100119991031     3
1999110119991130     3
1999120119991231     3
2000010120000131     3
2000020120000229     3
2000030120000331     3
2000040120000430     3
2000050120000531     3
2000060120000630     3
2000070120000731     1
2000080120000831     1
2000090120000930     1
2000100120001031     1
2000110120001130     1
2000120120001231     1
2001010120010131     1
2001020120010228     1
2001030120010331     1
2001040120010430     1
2001050120010531     1
2001060120010630     1
2001070120010731     2
2001080120010831     2
2001090120010930     2
2001100120011031     2
2001110120011130     2
2001120120011231     2
2002010120020131     2
2002020120020228     2
2002030120020331     2
2002040120020430     2
2002050120020531     2
2002060120020630     2
2002070120020731     3
2002080120020831     3
2002090120020930     3
2002100120021031     3
2002110120021130     3
2002120120021231     3
2003010120030131     3
2003020120030228     3
2003030120030331     3
2003040120030430     3
2003050120030531     3
2003060120030630     3
2003070120030731     2
2003080120030831     2
2003090120030930     2
2003100120031031     2
2003110120031130     2
2003120120031231     2
2004010120040131     2
2004020120040229     2
2004030120040331     2
2004040120040430     2
2004050120040531     2
2004060120040630     2
2004070120040731     3
2004080120040831     3
2004090120040930     3
2004100120041031     3
2004110120041130     3
2004120120041231     3
2005010120050131     3
2005020120050228     3
2005030120050331     3
2005040120050430     3
2005050120050531     3
2005060120050630     3
2005070120050731     5
2005080120050831     5
2005090120050930     5
2005100120051031     5
2005110120051130     5
2005120120051231     5
2006010120060131     5
2006020120060228     5
2006030120060331     5
2006040120060430     5
2006050120060531     5
2006060120060630     5
2006070120060731     2
2006080120060831     2
2006090120060930     2
2006100120061031     2
2006110120061130     2
2006120120061231     2
2007010120070131     2
2007020120070228     2
2007030120070331     2
2007040120070430     2
2007050120070531     2
2007060120070630     2
2007070120070731     1
2007080120070831     1
2007090120070930     1
2007100120071031     1
2007110120071130     1
2007120120071231     1
2008010120080131     1
2008020120080229     1
2008030120080331     1
2008040120080430     1
2008050120080531     1
2008060120080630     1
2008070120080731     4
2008080120080831     4
2008090120080930     4
2008100120081031     4
2008110120081130     4
2008120120081231     4
2009010120090131     4
2009020120090228     4
2009030120090331     4
2009040120090430     4
2009050120090531     4
2009060120090630     4
2009070120090731     3
2009080120090831     3
2009090120090930     3
2009100120091031     3
2009110120091130     3
2009120120091231     3
2010010120100131     3
2010020120100228     3
2010030120100331     3
2010040120100430     3
2010050120100531     3
2010060120100630     3
2010070120100731     4
2010080120100831     4
2010090120100930     4
2010100120101031     4
2010110120101130     4
2010120120101231     4
2011010120110131     4
2011020120110228     4
2011030120110331     4
2011040120110430     4
2011050120110531     4
2011060120110630     4
2011070120110731     3
2011080120110831     3
2011090120110930     3
2011100120111031     3
2011110120111130     3
2011120120111231     3
2012010120120131     3
2012020120120229     3
2012030120120331     3
2012040120120430     3
2012050120120531     3
2012060120120630     3
2012070120120731     5
2012080120120831     5
2012090120120930     5
2012100120121031     5
2012110120121130     5
2012120120121231     5
2013010120130131     5
2013020120130228     5
2013030120130331     5
2013040120130430     5
2013050120130531     5
2013060120130630     5
2013070120130731     4
2013080120130831     4
2013090120130930     4
2013100120131031     4
2013110120131130     4
2013120120131231     4
2014010120140131     4
2014020120140228     4
2014030120140331     4
2014040120140430     4
2014050120140531     4
2014060120140630     4
2014070120140731     3
2014080120140831     3
2014090120140930     3
2014100120141031     3
2014110120141130     3
2014120120141231     3
2015010120150131     3
2015020120150228     3
2015030120150331     3
2015040120150430     3
2015050120150531     3
2015060120150630     3
2015070120150731     1
2015080120150831     1
2015090120150930     1
2015100120151031     1
2015110120151130     1
2015120120151231     1
2016010120160131     1
2016020120160229     1
2016030120160331     1
2016040120160430     1
2016050120160531     1
2016060120160630     1
2016070120160731     1
2016080120160831     1
2016090120160930     1
2016100120161031     1
2016110120161130     1
2016120120161231     1
2017010120170131     1
2017020120170228     1
2017030120170331     1
2017040120170430     1
2017050120170531     1
2017060120170630     1
2017070120170731     2
2017080120170831     2
2017090120170930     2
2017100120171031     2
2017110120171130     2
2017120120171231     2
2018010120180131     2
2018020120180228     2
2018030120180331     2
2018040120180430     2
2018050120180531     2
2018060120180630     2
2018070120180731     5
2018080120180831     5
2018090120180930     5
2018100120181031     5
2018110120181130     5
2018120120181231     5
2019010120190131     5
2019020120190228     5
2019030120190331     5
2019040120190430     5
2019050120190531     5
2019060120190630     5
2019070120190731     2
2019080120190831     2
2019090120190930     2
2019100120191031     2
2019110120191130     2
2019120120191231     2
2020010120200131     2
2020020120200229     2
2020030120200331     2
2020040120200430     2
2020050120200531     2
2020060120200630     2
2020070120200731     3
2020080120200831     3
2020090120200930     3
2020100120201031     3
2020110120201130     3
2020120120201231     3
2021010120210131     3
2021020120210228     3
2021030120210331     3
2021040120210430     3
2021050120210531     3
2021060120210630     3
